Algorithm 1
6.2001	6.4593	5.7216	6.6387	5.3628	5.8213	6.5789	5.8213	6.2599	6.6188	6.9377	6.4194	5.6618	6.0606	5.2631	6.3197	6.3995	4.9043	6.8979	6.4792	
14.7328	15.4704	16.0885	16.0885	16.0885	16.0885	16.0885	16.3676	16.5271	16.5271	16.5271	16.5271	16.5271	17.1052	17.1052	17.1052	17.5239	17.5239	17.5239	17.5239	
10.8461	10.9713	10.7866	10.9557	10.8597	10.5857	11.1207	10.8420	10.7094	10.9863	11.0881	11.0626	10.8800	10.8174	10.8132	10.7246	10.8058	11.0525	10.7932	10.8914	
10.7854	11.0745	10.6359	10.9549	10.8951	10.4665	11.0446	10.7456	10.5362	10.7755	11.0845	10.9250	10.6658	10.8253	10.7356	10.7256	10.7655	11.0047	10.6459	10.9549	

Algorithm 2
5.9210	6.8181	6.8181	6.8779	6.8580	6.3197	6.0007	6.6586	4.9641	6.5390	5.8413	5.9011	5.9011	6.4792	7.0773	6.5590	6.3795	6.4792	6.4992	7.0175	
17.8229	17.5239	17.5239	17.5239	18.6204	17.5239	17.5239	17.5239	19.0988	17.5239	17.5239	17.5239	17.5239	17.5239	17.5239	17.5239	17.5239	17.5239	17.5239	17.5239	
10.9528	11.1595	11.2145	10.9641	11.1278	10.8815	11.0668	10.8241	10.9805	10.8037	10.8744	10.9617	10.8841	10.7837	10.8591	11.1964	11.1162	10.7217	11.1260	11.2441	
10.9449	11.0546	10.9549	11.0745	11.1343	10.9948	11.0147	10.6957	10.6160	10.6160	11.0247	10.8253	10.7954	10.6758	10.9748	11.1642	10.9350	10.6259	11.0645	11.0346	

Algorithm 3
7.0175	7.0175	7.0175	7.0175	7.0175	7.0175	7.0175	7.0175	7.0175	7.0175	7.0175	7.0175	7.0175	7.0175	7.0175	7.0175	7.0175	7.0175	7.0175	7.0175	
17.5239	17.5239	17.5239	17.5239	17.5239	17.5239	17.5239	17.5239	17.5239	17.5239	17.5239	17.5239	17.5239	17.5239	17.5239	17.5239	17.5239	17.5239	17.5239	17.5239	
10.8665	10.8286	10.8212	10.8031	10.8031	10.8031	10.8031	10.8031	10.8031	10.8031	10.8031	10.8031	10.8031	10.8031	10.8031	10.8031	10.8031	10.8031	10.8031	10.8031	
10.8652	10.8253	10.8153	10.7954	10.7954	10.7954	10.7954	10.7954	10.7954	10.7954	10.7954	10.7954	10.7954	10.7954	10.7954	10.7954	10.7954	10.7954	10.7954	10.7954	

